# Blender v2.79 (sub 0) OBJ File: 'Arrow.blend'
# www.blender.org
mtllib Arrow.mtl
o Cube
v -0.264143 3.115275 0.341571
v -0.264143 3.492802 -0.001386
v 0.245903 3.492802 -0.001386
v 0.245903 3.115275 0.341571
v -0.264143 0.663275 -2.357588
v -0.264142 1.040802 -2.700545
v 0.245903 1.040802 -2.700545
v 0.245903 0.663275 -2.357587
vn 0.0000 0.6724 0.7402
vn -0.0000 -0.6724 -0.7402
vn -1.0000 0.0000 -0.0000
vn 0.0000 0.7402 -0.6724
vn 1.0000 -0.0000 0.0000
vn -0.0000 -0.7402 0.6724
usemtl Material
s off
f 1//1 4//1 3//1 2//1
f 5//2 6//2 7//2 8//2
f 1//3 2//3 6//3 5//3
f 2//4 3//4 7//4 6//4
f 3//5 4//5 8//5 7//5
f 5//6 8//6 4//6 1//6
o Cube.001_Cube.002
v -0.255023 3.138457 0.255023
v -0.255023 3.138457 -0.255023
v 0.255023 3.138457 -0.255023
v 0.255023 3.138457 0.255023
v -0.255023 -1.352604 0.255023
v -0.255023 -1.352604 -0.255023
v 0.255023 -1.352604 -0.255023
v 0.255023 -1.352604 0.255023
vn 0.0000 1.0000 0.0000
vn 0.0000 -1.0000 -0.0000
vn -1.0000 -0.0000 -0.0000
vn 0.0000 0.0000 -1.0000
vn 1.0000 0.0000 0.0000
vn -0.0000 -0.0000 1.0000
usemtl Material.001
s off
f 9//7 12//7 11//7 10//7
f 13//8 14//8 15//8 16//8
f 9//9 10//9 14//9 13//9
f 10//10 11//10 15//10 14//10
f 11//11 12//11 16//11 15//11
f 13//12 16//12 12//12 9//12
o Cube.002_Cube.003
v 0.243334 3.096605 -0.340193
v 0.243913 3.474133 0.002764
v -0.266132 3.474133 0.003626
v -0.266711 3.096605 -0.339332
v 0.247892 0.644605 2.358962
v 0.248471 1.022132 2.701919
v -0.261574 1.022132 2.702780
v -0.262153 0.644605 2.359823
vn -0.0012 0.6724 -0.7402
vn 0.0012 -0.6724 0.7402
vn 1.0000 0.0000 -0.0017
vn 0.0011 0.7402 0.6724
vn -1.0000 -0.0000 0.0017
vn -0.0011 -0.7402 -0.6724
usemtl Material.002
s off
f 17//13 20//13 19//13 18//13
f 21//14 22//14 23//14 24//14
f 17//15 18//15 22//15 21//15
f 18//16 19//16 23//16 22//16
f 19//17 20//17 24//17 23//17
f 21//18 24//18 20//18 17//18
o Cube.004_Cube.005
v -0.350076 3.115275 -0.253733
v -0.007119 3.492802 -0.254122
v -0.006541 3.492802 0.255924
v -0.349498 3.115275 0.256312
v 2.349081 0.663275 -0.256791
v 2.692038 1.040802 -0.257180
v 2.692616 1.040802 0.252865
v 2.349658 0.663275 0.253254
vn -0.7402 0.6724 0.0008
vn 0.7402 -0.6724 -0.0008
vn -0.0011 0.0000 -1.0000
vn 0.6724 0.7402 -0.0008
vn 0.0011 -0.0000 1.0000
vn -0.6724 -0.7402 0.0008
usemtl Material.004
s off
f 25//19 28//19 27//19 26//19
f 29//20 30//20 31//20 32//20
f 25//21 26//21 30//21 29//21
f 26//22 27//22 31//22 30//22
f 27//23 28//23 32//23 31//23
f 29//24 32//24 28//24 25//24
o Cube.003_Cube.004
v 0.332262 3.096605 0.252971
v -0.010694 3.474133 0.253938
v -0.012133 3.474133 -0.256105
v 0.330823 3.096605 -0.257073
v -2.366886 0.644605 0.260587
v -2.709842 1.022132 0.261554
v -2.711281 1.022132 -0.248489
v -2.368325 0.644605 -0.249457
vn 0.7402 0.6724 -0.0021
vn -0.7402 -0.6724 0.0021
vn 0.0028 0.0000 1.0000
vn -0.6724 0.7402 0.0019
vn -0.0028 -0.0000 -1.0000
vn 0.6724 -0.7402 -0.0019
usemtl Material.003
s off
f 33//25 36//25 35//25 34//25
f 37//26 38//26 39//26 40//26
f 33//27 34//27 38//27 37//27
f 34//28 35//28 39//28 38//28
f 35//29 36//29 40//29 39//29
f 37//30 40//30 36//30 33//30
